2 0.000000 16.600000 135.977011
62 43 
1 -5.242473 0.000000 -4.985000 16.237923 -0.000001 -3.451409 -0.000081 
2 5.419448 0.000000 -4.985000 16.238864 -0.000015 -3.445480 -0.000044 
3 5.419448 0.000000 5.072832 16.237125 -0.000006 -3.449086 0.000071 
4 -5.242473 0.000000 5.072832 16.236774 -0.000001 -3.451475 0.000053 
5 0.088488 0.000000 0.043916 15.657198 0.000099 -1.501177 0.102187 
6 -5.242473 0.000000 0.043916 16.237392 -0.000002 -3.452134 -0.000037 
7 0.088488 0.000000 -4.985000 16.239362 -0.000006 -3.449115 -0.000193 
8 5.419448 0.000000 0.043916 16.246677 -0.000302 -3.405581 0.000027 
9 0.088488 0.000000 5.072832 16.235929 -0.000004 -3.449903 0.000191 
10 2.753968 0.000000 -2.470542 16.243447 -0.000054 -3.428302 -0.000155 
11 0.088488 0.000000 -2.470542 16.245769 -0.000020 -3.441876 -0.000768 
12 2.753968 0.000000 -4.985000 16.239083 -0.000010 -3.447085 -0.000110 
13 5.419448 0.000000 -2.470542 16.246612 -0.000107 -3.408335 -0.000033 
14 2.753968 0.000000 0.043916 16.251368 -0.001456 -3.379699 0.000111 
15 -2.576993 0.000000 -2.470542 16.240094 -0.000005 -3.451619 -0.000342 
16 -5.242473 0.000000 -2.470542 16.237949 -0.000002 -3.451793 -0.000094 
17 -2.576993 0.000000 -4.985000 16.238677 -0.000003 -3.450881 -0.000157 
18 -2.576993 0.000000 0.043916 16.237751 -0.000007 -3.454764 -0.000145 
19 2.753968 0.000000 2.558374 16.236863 -0.000025 -3.442713 0.000261 
20 0.088488 0.000000 2.558374 16.232146 -0.000015 -3.445325 0.000752 
21 5.419448 0.000000 2.558374 16.237936 -0.000021 -3.444970 0.000078 
22 2.753968 0.000000 5.072832 16.236564 -0.000006 -3.449024 0.000139 
23 1.421228 0.000000 -1.213313 16.257993 0.000008 -3.369752 -0.000427 
24 0.088488 0.000000 -1.213313 16.271339 0.000065 -3.411539 -0.003030 
25 1.421228 0.000000 -2.470542 16.244280 -0.000036 -3.434177 -0.000400 
26 2.753968 0.000000 -1.213313 16.265914 -0.000282 -3.319488 -0.000141 
27 1.421228 0.000000 0.043916 16.194449 -0.007536 -3.645702 0.000031 
28 -2.576993 0.000000 2.558374 16.235229 -0.000004 -3.451845 0.000225 
29 -5.242473 0.000000 2.558374 16.236811 -0.000002 -3.451835 0.000039 
30 -2.576993 0.000000 5.072832 16.236236 -0.000002 -3.451104 0.000125 
31 -1.244253 0.000000 -1.213313 16.249589 -0.000016 -3.452391 -0.001481 
32 -2.576993 0.000000 -1.213313 16.240220 -0.000006 -3.453297 -0.000399 
33 -1.244253 0.000000 -2.470542 16.243256 -0.000010 -3.449297 -0.000657 
34 -1.244253 0.000000 0.043916 16.238484 0.000231 -3.466644 -0.000530 
35 1.421228 0.000000 1.301145 16.236137 0.000067 -3.420432 0.000902 
36 0.088488 0.000000 1.301145 16.217653 0.000295 -3.426244 0.002934 
37 2.753968 0.000000 1.301145 16.239747 -0.000092 -3.428535 0.000275 
38 1.421228 0.000000 2.558374 16.234817 -0.000021 -3.442292 0.000513 
39 0.754858 0.000000 -0.584698 16.282277 -0.000726 -3.234213 -0.000046 
40 0.088488 0.000000 -0.584698 16.359047 -0.005210 -3.304605 -0.010810 
41 0.754858 0.000000 -1.213313 16.261702 0.000198 -3.385588 -0.001253 
42 1.421228 0.000000 -0.584698 16.291762 -0.000229 -3.194981 -0.000252 
43 0.754858 0.000000 0.043916 16.090347 -0.000364 -4.012808 0.002025 
44 -1.244253 0.000000 1.301145 16.228421 -0.000014 -3.452916 0.001001 
45 -2.576993 0.000000 1.301145 16.235288 -0.000006 -3.453381 0.000180 
46 -1.244253 0.000000 2.558374 16.233051 -0.000008 -3.450181 0.000524 
47 -0.577883 0.000000 -0.584698 16.291181 0.000561 -3.457730 -0.006527 
48 -1.244253 0.000000 -0.584698 16.250065 0.000101 -3.460218 -0.001734 
49 -0.577883 0.000000 -1.213313 16.263082 0.000201 -3.442229 -0.002819 
50 -0.577883 0.000000 0.043916 16.234591 0.000171 -3.525535 -0.001565 
51 0.754858 0.000000 0.672531 16.243373 -0.000214 -3.364611 0.001423 
52 0.088488 0.000000 0.672531 16.172424 -0.000451 -3.356068 0.009978 
53 1.421228 0.000000 0.672531 16.245489 -0.000172 -3.386855 0.000629 
54 0.754858 0.000000 1.301145 16.229996 0.000043 -3.417307 0.001703 
55 0.421673 0.000000 -0.270391 16.266910 -0.000286 -3.023711 0.006550 
56 0.088488 0.000000 -0.270391 16.584468 0.000149 -3.020679 -0.031242 
57 0.421673 0.000000 -0.584698 16.304989 -0.000335 -3.243514 -0.002951 
58 0.754858 0.000000 -0.270391 16.278269 0.000186 -3.091371 0.003707 
59 0.421673 0.000000 0.043916 18.047378 -0.001865 -3.591843 -0.228804 
60 -0.577883 0.000000 0.672531 16.197387 0.000503 -3.456300 0.004568 
61 -1.244253 0.000000 0.672531 16.227991 -0.000309 -3.459593 0.000884 
62 -0.577883 0.000000 1.301145 16.219392 0.000252 -3.445531 0.002249 
1 7 12 10 11 
2 12 2 13 10 
3 10 13 8 14 
4 1 17 15 16 
5 17 7 11 15 
6 16 15 18 6 
7 14 8 21 19 
8 19 21 3 22 
9 20 19 22 9 
10 11 25 23 24 
11 25 10 26 23 
12 23 26 14 27 
13 6 18 28 29 
14 28 20 9 30 
15 29 28 30 4 
16 15 33 31 32 
17 33 11 24 31 
18 32 31 34 18 
19 27 14 37 35 
20 35 37 19 38 
21 36 35 38 20 
22 24 41 39 40 
23 41 23 42 39 
24 39 42 27 43 
25 18 34 44 45 
26 44 36 20 46 
27 45 44 46 28 
28 31 49 47 48 
29 49 24 40 47 
30 47 40 5 50 
31 48 47 50 34 
32 5 43 51 52 
33 43 27 53 51 
34 51 53 35 54 
35 52 51 54 36 
36 40 57 55 56 
37 57 39 58 55 
38 55 58 43 59 
39 56 55 59 5 
40 34 50 60 61 
41 50 5 52 60 
42 60 52 36 62 
43 61 60 62 44 
